6.747578930089204619e+01
5.529818338974227032e+01
5.119122473125968753e+01
4.813901459470911703e+01
4.594275296151536025e+01
4.435621875642263490e+01
4.317744442386976544e+01
4.218142058377117820e+01
4.121695928494661132e+01
4.052117538499338423e+01
3.990346849817006358e+01
3.934237205662241621e+01
3.880041255856198745e+01
3.826027916448612132e+01
3.791926507035618954e+01
3.737679169835269732e+01
3.699523242957823044e+01
3.666857719604619348e+01
3.632618699025196207e+01
3.607912476333437013e+01
3.575871185439577715e+01
3.550482141294401828e+01
3.524068720760360662e+01
3.501129555263123905e+01
3.479939644071338734e+01
3.458615476250331966e+01
3.438442726032437236e+01
3.414443003476777250e+01
3.397954998459820786e+01
3.378685095958673656e+01
3.357893062120360383e+01
3.337852822338286529e+01
3.324593854686728633e+01
3.307219296351246385e+01
3.294142559823063721e+01
3.278799215972389902e+01
3.261213558398678458e+01
3.245359169945106004e+01
3.233275226295538829e+01
3.218238868665106622e+01
3.201619290016009955e+01
3.188737058707691219e+01
3.174812658409695132e+01
