2.620284766146398492e-01
2.468805963563014405e-01
1.660054625460865296e-01
1.980123702642485328e-01
1.206569120747820606e-01
1.137497000962085641e-01
1.089746041475005700e-01
1.050674183662958089e-01
9.972478975293831704e-02
9.408186722895113541e-02
9.080836078380247200e-02
9.205212614734786802e-02
8.941098353835957857e-02
7.160549400429616629e-02
6.959737916065822372e-02
7.177664268705859218e-02
7.034319693611615354e-02
6.747749698765767579e-02
6.826327503736616398e-02
6.703200688831827125e-02
6.786205728579504382e-02
6.582435455333306151e-02
6.595106603166862869e-02
6.623448065304680943e-02
5.781436245270386853e-02
6.154080491758977950e-02
5.705670044149044329e-02
6.364326004372103385e-02
5.975611371379771497e-02
5.935694666067350966e-02
6.073828661059632594e-02
5.786667665281410716e-02
5.825516571536782512e-02
6.151113836045390970e-02
5.965056302545371919e-02
5.729851890309278079e-02
6.056149254482165456e-02
5.674635122442046875e-02
4.939360498520455056e-02
5.660173135097470998e-02
4.825164910498733195e-02
5.748840743677852139e-02
4.768352739142591584e-02
