6.826327503736616398e-02
6.703200688831827125e-02
6.786205728579504382e-02
6.582435455333306151e-02
6.595106603166862869e-02
6.623448065304680943e-02
5.781436245270386853e-02
6.154080491758977950e-02
5.705670044149044329e-02
6.364326004372103385e-02
5.975611371379771497e-02
5.935694666067350966e-02
6.073828661059632594e-02
5.786667665281410716e-02
5.825516571536782512e-02
6.151113836045390970e-02
5.965056302545371919e-02
5.729851890309278079e-02
6.056149254482165456e-02
5.674635122442046875e-02
4.939360498520455056e-02
5.660173135097470998e-02
4.825164910498733195e-02
5.748840743677852139e-02
4.768352739142591584e-02
