1.700559133551490909e+00
1.498472397303611148e+00
1.972531368027993004e+00
1.757147034010407172e+00
1.964753713903329979e+00
2.096083054440839089e+00
2.129876433080032605e+00
2.147035797364073240e+00
2.171619591968618757e+00
2.294226468230709415e+00
2.286716060752302937e+00
2.228617568536606974e+00
2.287407470252623920e+00
2.312092946593271581e+00
2.318543899301094946e+00
2.256828464350668195e+00
2.263323011746300573e+00
2.348802996208200433e+00
2.303750160084867105e+00
2.325890854273451325e+00
2.280579904820540182e+00
2.327364551857908470e+00
2.313191846781346594e+00
2.323524452980378907e+00
2.373194705038503827e+00
2.380610814648813189e+00
2.405407800605169122e+00
2.384402643991721860e+00
2.326128503113416457e+00
2.387323843283937208e+00
2.358755657540355877e+00
2.381223672601887387e+00
2.357409205245436290e+00
2.388572009748159974e+00
2.342077348655167590e+00
2.343442991624330674e+00
2.360768550196599591e+00
2.366436224739228322e+00
2.350363156943998000e+00
2.368777861253678285e+00
2.349652428828275852e+00
2.346916296683046355e+00
2.369346209599791919e+00
